11 0.5099206349206349 0.4975198412698413 0.9652777777777778 0.9454365079365079
0 0.9573412698412699 0.7281746031746031 0.05009920634920635 0.05109126984126984
4 0.5535714285714286 0.871031746031746 0.042162698412698416 0.03869047619047619
4 0.18303571428571427 0.6865079365079365 0.05009920634920635 0.047619047619047616
3 0.08333333333333333 0.4236111111111111 0.04117063492063492 0.03968253968253968
6 0.26785714285714285 0.36706349206349204 0.047619047619047616 0.05357142857142857
5 0.3288690476190476 0.2400793650793651 0.040674603174603176 0.03869047619047619
0 0.4211309523809524 0.019345238095238096 0.053075396825396824 0.03819444444444445
0 0.16071428571428573 0.015873015873015872 0.05357142857142857 0.031746031746031744
0 0.06448412698412699 0.020833333333333332 0.044642857142857144 0.040674603174603176
12 0.5089285714285714 0.49603174603174605 0.3645833333333333 0.35962301587301587