11 0.5099206349206349 0.5024801587301587 0.9652777777777778 0.9454365079365079
0 0.9573412698412699 0.2718253968253968 0.05009920634920635 0.05109126984126984
4 0.5535714285714286 0.12896825396825398 0.042162698412698416 0.03869047619047619
4 0.18303571428571427 0.3134920634920635 0.05009920634920635 0.047619047619047616
3 0.08333333333333333 0.5763888888888888 0.04117063492063492 0.03968253968253968
6 0.26785714285714285 0.6329365079365079 0.047619047619047616 0.05357142857142857
5 0.3288690476190476 0.7599206349206349 0.040674603174603176 0.03869047619047619
0 0.4211309523809524 0.9806547619047619 0.053075396825396824 0.03819444444444445
0 0.16071428571428573 0.9841269841269841 0.05357142857142857 0.031746031746031744
0 0.06448412698412699 0.9791666666666666 0.044642857142857144 0.040674603174603176
12 0.5089285714285714 0.503968253968254 0.3645833333333333 0.35962301587301587