11 0.49206349206349204 0.49603174603174605 0.9692460317460317 0.9444444444444444
0 0.6731150793650794 0.9474206349206349 0.04563492063492063 0.041666666666666664
3 0.7366071428571429 0.8392857142857143 0.04811507936507937 0.04563492063492063
4 0.5317460317460317 0.8412698412698413 0.04811507936507937 0.050595238095238096
5 0.7574404761904762 0.7137896825396826 0.040674603174603176 0.047619047619047616
4 0.8581349206349206 0.4677579365079365 0.05109126984126984 0.04811507936507937
3 0.8358134920634921 0.23958333333333334 0.052083333333333336 0.04811507936507937
4 0.6378968253968254 0.1810515873015873 0.04563492063492063 0.044642857142857144
0 0.9766865079365079 0.31547619047619047 0.046130952380952384 0.05505952380952381
9 0.37351190476190477 0.5639880952380952 0.05555555555555555 0.04513888888888889
9 0.5744047619047619 0.5803571428571429 0.04662698412698413 0.04265873015873016
12 0.4905753968253968 0.4965277777777778 0.3655753968253968 0.3586309523809524