11 0.5079365079365079 0.49603174603174605 0.9692460317460317 0.9444444444444444
0 0.32688492063492064 0.9474206349206349 0.04563492063492063 0.041666666666666664
3 0.26339285714285715 0.8392857142857143 0.04811507936507937 0.04563492063492063
4 0.46825396825396826 0.8412698412698413 0.04811507936507937 0.050595238095238096
5 0.2425595238095238 0.7137896825396826 0.040674603174603176 0.047619047619047616
4 0.14186507936507936 0.4677579365079365 0.05109126984126984 0.04811507936507937
3 0.16418650793650794 0.23958333333333334 0.052083333333333336 0.04811507936507937
4 0.3621031746031746 0.1810515873015873 0.04563492063492063 0.044642857142857144
0 0.023313492063492064 0.31547619047619047 0.046130952380952384 0.05505952380952381
9 0.6264880952380952 0.5639880952380952 0.05555555555555555 0.04513888888888889
9 0.4255952380952381 0.5803571428571429 0.04662698412698413 0.04265873015873016
12 0.5094246031746031 0.4965277777777778 0.3655753968253968 0.3586309523809524