1 0.19196428571428573 0.8799603174603174 0.041666666666666664 0.034722222222222224
0 0.06547619047619048 0.8422619047619048 0.03968253968253968 0.040674603174603176
3 0.6488095238095238 0.878968253968254 0.044642857142857144 0.034722222222222224
3 0.9126984126984127 0.6369047619047619 0.03869047619047619 0.04563492063492063
1 0.9389880952380952 0.5381944444444444 0.04365079365079365 0.04563492063492063
3 0.9087301587301587 0.4851190476190476 0.03125 0.03571428571428571
4 0.8020833333333334 0.279265873015873 0.03670634920634921 0.03373015873015873
4 0.779265873015873 0.22569444444444445 0.03869047619047619 0.040674603174603176
10 0.5848214285714286 0.4756944444444444 0.03521825396825397 0.03571428571428571
6 0.2251984126984127 0.3715277777777778 0.052083333333333336 0.049107142857142856
4 0.11607142857142858 0.4156746031746032 0.04265873015873016 0.03373015873015873
11 0.49007936507936506 0.4965277777777778 0.9652777777777778 0.941468253968254
12 0.49107142857142855 0.49503968253968256 0.36904761904761907 0.35962301587301587