3 0.9459325396825397 0.49603174603174605 0.03968253968253968 0.041666666666666664
4 0.8452380952380952 0.6458333333333334 0.040674603174603176 0.041666666666666664
6 0.779265873015873 0.5788690476190477 0.03968253968253968 0.037698412698412696
0 0.9677579365079365 0.03125 0.04365079365079365 0.034722222222222224
5 0.5357142857142857 0.19196428571428573 0.044642857142857144 0.040674603174603176
4 0.36408730158730157 0.17113095238095238 0.056051587301587304 0.04365079365079365
4 0.1949404761904762 0.7003968253968254 0.049107142857142856 0.044642857142857144
6 0.3333333333333333 0.7043650793650794 0.044642857142857144 0.04265873015873016
11 0.5094246031746031 0.49702380952380953 0.9662698412698413 0.9424603174603174
0 0.7261904761904762 0.00744047619047619 0.04265873015873016 0.01488095238095238
12 0.5094246031746031 0.49603174603174605 0.3680555555555556 0.35962301587301587