3 0.05406746031746032 0.49603174603174605 0.03968253968253968 0.041666666666666664
4 0.15476190476190477 0.6458333333333334 0.040674603174603176 0.041666666666666664
6 0.22073412698412698 0.5788690476190477 0.03968253968253968 0.037698412698412696
0 0.032242063492063495 0.03125 0.04365079365079365 0.034722222222222224
5 0.4642857142857143 0.19196428571428573 0.044642857142857144 0.040674603174603176
4 0.6359126984126984 0.17113095238095238 0.056051587301587304 0.04365079365079365
4 0.8050595238095238 0.7003968253968254 0.049107142857142856 0.044642857142857144
6 0.6666666666666666 0.7043650793650794 0.044642857142857144 0.04265873015873016
11 0.4905753968253968 0.49702380952380953 0.9662698412698413 0.9424603174603174
0 0.27380952380952384 0.00744047619047619 0.04265873015873016 0.01488095238095238
12 0.4905753968253968 0.49603174603174605 0.3680555555555556 0.35962301587301587