11 0.7043650793650794 0.4836309523809524 0.42757936507936506 0.5620039682539683
11 0.29662698412698413 0.4652777777777778 0.3060515873015873 0.47371031746031744
0 0.5277777777777778 0.3115079365079365 0.015376984126984126 0.022321428571428572
3 0.5114087301587301 0.4305555555555556 0.01488095238095238 0.02132936507936508
1 0.5243055555555556 0.373015873015873 0.013888888888888888 0.01636904761904762
1 0.5178571428571429 0.3864087301587302 0.015376984126984126 0.017361111111111112
5 0.5505952380952381 0.498015873015873 0.01488095238095238 0.01984126984126984
6 0.32142857142857145 0.341765873015873 0.015376984126984126 0.023313492063492064
9 0.2400793650793651 0.4494047619047619 0.015873015873015872 0.020337301587301588
9 0.24603174603174602 0.4935515873015873 0.014384920634920634 0.02132936507936508
7 0.2390873015873016 0.39384920634920634 0.010912698412698412 0.017361111111111112
7 0.22916666666666666 0.3978174603174603 0.010912698412698412 0.018849206349206348
12 0.6899801587301587 0.48412698412698413 0.16517857142857142 0.21626984126984128
12 0.2876984126984127 0.46577380952380953 0.12152777777777778 0.18204365079365079