11 0.6443452380952381 0.6726190476190477 0.4771825396825397 0.6498015873015873
6 0.5768849206349206 0.4662698412698413 0.016865079365079364 0.024305555555555556
6 0.6398809523809523 0.45287698412698413 0.016865079365079364 0.024305555555555556
6 0.7232142857142857 0.47867063492063494 0.01984126984126984 0.03273809523809524
8 0.5520833333333334 0.5575396825396826 0.015873015873015872 0.02628968253968254
7 0.529265873015873 0.5997023809523809 0.018353174603174604 0.02628968253968254
9 0.6364087301587301 0.5481150793650794 0.013392857142857142 0.027281746031746032
10 0.6517857142857143 0.5595238095238095 0.013392857142857142 0.025297619047619048
10 0.6463293650793651 0.59375 0.010416666666666666 0.030257936507936508
10 0.6592261904761905 0.59375 0.011408730158730158 0.032242063492063495
12 0.626984126984127 0.6254960317460317 0.17906746031746032 0.2524801587301587