11 0.498015873015873 0.3645833333333333 0.996031746031746 0.34523809523809523
7 0.2777777777777778 0.32688492063492064 0.049107142857142856 0.020833333333333332
6 0.2177579365079365 0.39831349206349204 0.03819444444444445 0.017361111111111112
6 0.2435515873015873 0.4444444444444444 0.04265873015873016 0.017361111111111112
8 0.3998015873015873 0.4583333333333333 0.03373015873015873 0.013888888888888888
7 0.45982142857142855 0.46924603174603174 0.039186507936507936 0.012896825396825396
9 0.39533730158730157 0.3968253968253968 0.030753968253968252 0.01240079365079365
10 0.41716269841269843 0.3844246031746032 0.030257936507936508 0.011408730158730158
10 0.46875 0.39037698412698413 0.03819444444444445 0.00992063492063492
10 0.466765873015873 0.37996031746031744 0.03819444444444445 0.009424603174603174
12 0.49404761904761907 0.40029761904761907 0.3685515873015873 0.12797619047619047