11 0.29563492063492064 0.5163690476190477 0.42757936507936506 0.5620039682539683
11 0.7033730158730159 0.5347222222222222 0.3060515873015873 0.47371031746031744
0 0.4722222222222222 0.6884920634920635 0.015376984126984126 0.022321428571428572
3 0.4885912698412698 0.5694444444444444 0.01488095238095238 0.02132936507936508
1 0.4756944444444444 0.626984126984127 0.013888888888888888 0.01636904761904762
1 0.48214285714285715 0.6135912698412699 0.015376984126984126 0.017361111111111112
5 0.4494047619047619 0.501984126984127 0.01488095238095238 0.01984126984126984
6 0.6785714285714286 0.658234126984127 0.015376984126984126 0.023313492063492064
9 0.7599206349206349 0.5505952380952381 0.015873015873015872 0.020337301587301588
9 0.753968253968254 0.5064484126984127 0.014384920634920634 0.02132936507936508
7 0.7609126984126984 0.6061507936507936 0.010912698412698412 0.017361111111111112
7 0.7708333333333334 0.6021825396825397 0.010912698412698412 0.018849206349206348
12 0.3100198412698413 0.5158730158730159 0.16517857142857142 0.21626984126984128
12 0.7123015873015873 0.5342261904761905 0.12152777777777778 0.18204365079365079