11 0.4350198412698413 0.5158730158730159 0.8700396825396826 0.501984126984127
7 0.5143849206349206 0.4320436507936508 0.05109126984126984 0.023313492063492064
8 0.5362103174603174 0.4677579365079365 0.057539682539682536 0.023809523809523808
6 0.6428571428571429 0.5406746031746031 0.043154761904761904 0.020833333333333332
6 0.5441468253968254 0.6001984126984127 0.04861111111111111 0.022817460317460316
6 0.3263888888888889 0.6468253968253969 0.05109126984126984 0.022817460317460316
10 0.38740079365079366 0.5357142857142857 0.03968253968253968 0.017857142857142856
10 0.34226190476190477 0.5406746031746031 0.04365079365079365 0.01984126984126984
10 0.30853174603174605 0.5193452380952381 0.041666666666666664 0.018849206349206348
10 0.28918650793650796 0.5282738095238095 0.03571428571428571 0.017857142857142856
12 0.32242063492063494 0.49702380952380953 0.4211309523809524 0.1884920634920635