11 0.3556547619047619 0.3273809523809524 0.4771825396825397 0.6498015873015873
6 0.42311507936507936 0.5337301587301587 0.016865079365079364 0.024305555555555556
6 0.3601190476190476 0.5471230158730159 0.016865079365079364 0.024305555555555556
6 0.2767857142857143 0.5213293650793651 0.01984126984126984 0.03273809523809524
8 0.4479166666666667 0.44246031746031744 0.015873015873015872 0.02628968253968254
7 0.470734126984127 0.40029761904761907 0.018353174603174604 0.02628968253968254
9 0.3635912698412698 0.45188492063492064 0.013392857142857142 0.027281746031746032
10 0.3482142857142857 0.44047619047619047 0.013392857142857142 0.025297619047619048
10 0.35367063492063494 0.40625 0.010416666666666666 0.030257936507936508
10 0.34077380952380953 0.40625 0.011408730158730158 0.032242063492063495
12 0.373015873015873 0.37450396825396826 0.17906746031746032 0.2524801587301587