11 0.5084325396825397 0.503968253968254 0.9682539682539683 0.9464285714285714
1 0.6364087301587301 0.047619047619047616 0.05406746031746032 0.056051587301587304
5 0.8045634920634921 0.3447420634920635 0.042162698412698416 0.043154761904761904
3 0.9563492063492064 0.48759920634920634 0.03968253968253968 0.041666666666666664
7 0.7003968253968254 0.6066468253968254 0.044642857142857144 0.051587301587301584
8 0.6433531746031746 0.5882936507936508 0.052083333333333336 0.06001984126984127
9 0.53125 0.6170634920634921 0.05406746031746032 0.05803571428571429
10 0.4384920634920635 0.4330357142857143 0.060515873015873016 0.051587301587301584
4 0.32341269841269843 0.1840277777777778 0.04563492063492063 0.04365079365079365
1 0.07192460317460317 0.2847222222222222 0.05952380952380952 0.056051587301587304
4 0.2614087301587302 0.7946428571428571 0.044642857142857144 0.044642857142857144
12 0.5099206349206349 0.503968253968254 0.36904761904761907 0.36160714285714285