11 0.49107142857142855 0.501984126984127 0.9692460317460317 0.9464285714285714
1 0.3645833333333333 0.06696428571428571 0.044642857142857144 0.03968253968253968
4 0.5426587301587301 0.1527777777777778 0.03968253968253968 0.042162698412698416
5 0.3958333333333333 0.18998015873015872 0.04117063492063492 0.04513888888888889
0 0.9543650793650794 0.30357142857142855 0.03670634920634921 0.04265873015873016
3 0.8888888888888888 0.47966269841269843 0.042162698412698416 0.037698412698412696
3 0.7485119047619048 0.8373015873015873 0.03521825396825397 0.03670634920634921
5 0.6607142857142857 0.7931547619047619 0.041666666666666664 0.03571428571428571
5 0.2088293650793651 0.7728174603174603 0.049107142857142856 0.04811507936507937
0 0.31547619047619047 0.9692460317460317 0.03670634920634921 0.03571428571428571
12 0.49007936507936506 0.5049603174603174 0.36706349206349204 0.35962301587301587