11 0.5089285714285714 0.498015873015873 0.9692460317460317 0.9464285714285714
1 0.6354166666666666 0.9330357142857143 0.044642857142857144 0.03968253968253968
4 0.4573412698412698 0.8472222222222222 0.03968253968253968 0.042162698412698416
5 0.6041666666666666 0.8100198412698413 0.04117063492063492 0.04513888888888889
0 0.04563492063492063 0.6964285714285714 0.03670634920634921 0.04265873015873016
3 0.1111111111111111 0.5203373015873016 0.042162698412698416 0.037698412698412696
3 0.25148809523809523 0.1626984126984127 0.03521825396825397 0.03670634920634921
5 0.3392857142857143 0.20684523809523808 0.041666666666666664 0.03571428571428571
5 0.7911706349206349 0.22718253968253968 0.049107142857142856 0.04811507936507937
0 0.6845238095238095 0.030753968253968252 0.03670634920634921 0.03571428571428571
12 0.5099206349206349 0.49503968253968256 0.36706349206349204 0.35962301587301587