11 0.5124007936507936 0.5049603174603174 0.9627976190476191 0.9424603174603174
0 0.8953373015873016 0.062003968253968256 0.053075396825396824 0.049107142857142856
0 0.014384920634920634 0.10664682539682539 0.028769841269841268 0.052083333333333336
6 0.34226190476190477 0.28273809523809523 0.05009920634920635 0.041666666666666664
4 0.18551587301587302 0.35367063492063494 0.04117063492063492 0.042162698412698416
5 0.748015873015873 0.30654761904761907 0.04662698412698413 0.04712301587301587
6 0.7802579365079365 0.5486111111111112 0.040674603174603176 0.047619047619047616
4 0.7395833333333334 0.7713293650793651 0.04365079365079365 0.05257936507936508
6 0.31994047619047616 0.7132936507936508 0.05109126984126984 0.039186507936507936
1 0.5838293650793651 0.9424603174603174 0.05505952380952381 0.05109126984126984
0 0.751984126984127 0.9533730158730159 0.04811507936507937 0.04811507936507937
12 0.5094246031746031 0.503968253968254 0.3680555555555556 0.35962301587301587