11 0.48759920634920634 0.49503968253968256 0.9627976190476191 0.9424603174603174
0 0.10466269841269842 0.9379960317460317 0.053075396825396824 0.049107142857142856
0 0.9856150793650794 0.8933531746031746 0.028769841269841268 0.052083333333333336
6 0.6577380952380952 0.7172619047619048 0.05009920634920635 0.041666666666666664
4 0.814484126984127 0.6463293650793651 0.04117063492063492 0.042162698412698416
5 0.251984126984127 0.6934523809523809 0.04662698412698413 0.04712301587301587
6 0.2197420634920635 0.4513888888888889 0.040674603174603176 0.047619047619047616
4 0.2604166666666667 0.2286706349206349 0.04365079365079365 0.05257936507936508
6 0.6800595238095238 0.2867063492063492 0.05109126984126984 0.039186507936507936
1 0.41617063492063494 0.057539682539682536 0.05505952380952381 0.05109126984126984
0 0.24801587301587302 0.04662698412698413 0.04811507936507937 0.04811507936507937
12 0.4905753968253968 0.49603174603174605 0.3680555555555556 0.35962301587301587