11 0.5084325396825397 0.49603174603174605 0.9682539682539683 0.9464285714285714
1 0.6364087301587301 0.9523809523809523 0.05406746031746032 0.056051587301587304
5 0.8045634920634921 0.6552579365079365 0.042162698412698416 0.043154761904761904
3 0.9563492063492064 0.5124007936507936 0.03968253968253968 0.041666666666666664
7 0.7003968253968254 0.3933531746031746 0.044642857142857144 0.051587301587301584
8 0.6433531746031746 0.4117063492063492 0.052083333333333336 0.06001984126984127
9 0.53125 0.38293650793650796 0.05406746031746032 0.05803571428571429
10 0.4384920634920635 0.5669642857142857 0.060515873015873016 0.051587301587301584
4 0.32341269841269843 0.8159722222222222 0.04563492063492063 0.04365079365079365
1 0.07192460317460317 0.7152777777777778 0.05952380952380952 0.056051587301587304
4 0.2614087301587302 0.20535714285714285 0.044642857142857144 0.044642857142857144
12 0.5099206349206349 0.49603174603174605 0.36904761904761907 0.36160714285714285