6 0.6974206349206349 0.5654761904761905 0.03869047619047619 0.017857142857142856
10 0.4365079365079365 0.5029761904761905 0.034722222222222224 0.019345238095238096
3 0.12996031746031747 0.5431547619047619 0.03720238095238095 0.016865079365079364
1 0.1130952380952381 0.47619047619047616 0.032242063492063495 0.017857142857142856
6 0.3115079365079365 0.43898809523809523 0.033234126984126984 0.015873015873015872
4 0.29117063492063494 0.4007936507936508 0.03819444444444445 0.018849206349206348
7 0.439484126984127 0.4255952380952381 0.03819444444444445 0.017361111111111112
8 0.5739087301587301 0.43353174603174605 0.034722222222222224 0.01984126984126984
9 0.5282738095238095 0.44742063492063494 0.03373015873015873 0.017361111111111112
4 0.777281746031746 0.41369047619047616 0.034722222222222224 0.015873015873015872
11 0.5094246031746031 0.5064484126984127 0.8556547619047619 0.40773809523809523
12 0.5119047619047619 0.5059523809523809 0.3253968253968254 0.1527777777777778