6 0.30257936507936506 0.5654761904761905 0.03869047619047619 0.017857142857142856
10 0.5634920634920635 0.5029761904761905 0.034722222222222224 0.019345238095238096
3 0.8700396825396826 0.5431547619047619 0.03720238095238095 0.016865079365079364
1 0.8869047619047619 0.47619047619047616 0.032242063492063495 0.017857142857142856
6 0.6884920634920635 0.43898809523809523 0.033234126984126984 0.015873015873015872
4 0.7088293650793651 0.4007936507936508 0.03819444444444445 0.018849206349206348
7 0.560515873015873 0.4255952380952381 0.03819444444444445 0.017361111111111112
8 0.4260912698412698 0.43353174603174605 0.034722222222222224 0.01984126984126984
9 0.47172619047619047 0.44742063492063494 0.03373015873015873 0.017361111111111112
4 0.22271825396825398 0.41369047619047616 0.034722222222222224 0.015873015873015872
11 0.4905753968253968 0.5064484126984127 0.8556547619047619 0.40773809523809523
12 0.4880952380952381 0.5059523809523809 0.3253968253968254 0.1527777777777778